576 996481
505 766086
107 34562
776 1808081
569 972422
335 337346
102 31417
50 7601
493 730134
990 2942281
635 1210946
848 2159009
664 1324017
457 627462
478 686409
152 69617
793 1888134
965 2795606
279 234082
263 208034
383 440834
713 1526534
556 928521
299 268802
922 2552097
519 809122
950 2709401
443 589634
265 211206
320 307841
482 697937
564 955417
252 191017
966 2801401
182 99737
630 1191961
617 1143302
330 327361
577 999942
827 2053442
1 6
773 1794134
783 1840834
440 581681
502 757017
154 71457
524 824777
414 515017
230 159161
625 1173126
670 1348041
199 119202
496 739041
197 116822
688 1421409
863 2236034
949 2703702
807 1955362
854 2189657
50 7601
384 443137
659 1304162
784 1845537
172 89097
508 775209
71 15266
596 1066841
697 1458822
274 225777
848 2159009
534 856537
463 644034
387 450082
451 611106
261 204886
610 1117521
929 2590982
115 39906
796 1902441
767 1766402
994 2966097
536 862961
212 135257
639 1226242
649 1264902
282 239137
68 14009
54 8857
278 232409
319 305922
681 1392646
809 1965062
475 677826
527 834242
443 589634
342 351577
988 2930409
610 1117521
931 2602146
431 558146
558 935209
826 2048481
139 58242
381 436246
91 25026
207 128962
812 1979657
44 5897
936 2630161
78 18409
933 2613334
833 2083334
11 386
87 22882
56 9521
847 2153922
446 597641
145 63366
523 821634
226 153681
2 17
541 879126
419 527522
955 2737986
167 84002
725 1578326
987 2924482
860 2220521
7 162
918 2530009
621 1158166
319 305922
184 101937
365 400406
209 131462
167 84002
397 473622
831 2073346
548 902009
442 586977
470 663641
23 1634
118 42009
200 120401
385 445446
847 2153922
798 1912009
388 452409
471 666466
595 1063266
896 2410241
842 2128577
87 22882
705 1492486
428 550409
17 902
407 497762
184 101937
214 137817
365 400406
219 144322
952 2720817
37 4182
17 902
456 624721
614 1132217
649 1264902
645 1249366
877 2309142
888 2367409
450 608401
615 1135906
597 1070422
80 19361
755 1711586
979 2877282
422 535097
218 143009
569 972422
319 305922
926 2574281
598 1074009
388 452409
411 507586
21 1366
778 1817409
231 160546
478 686409
936 2630161
192 110977
760 1734321
212 135257
616 1139601
182 99737
222 148297
518 806009
986 2918561
100 30201
744 1662097
771 1784866
198 118009
152 69617
510 781321
582 1017337
145 63366
281 237446
245 180566
6 121
949 2703702
449 605702
594 1059697
188 106409
615 1135906
894 2399497
439 579042
620 1154441
563 952034
625 1173126
996 2978041
677 1376342
382 438537
170 87041
709 1509462
685 1409046
128 49409
237 168982
998 2990009
415 517506
858 2210209
237 168982
992 2954177
322 311697
474 674977
797 1907222
120 43441
773 1794134
88 23409
806 1950521
266 212801
740 1644281
533 853334
224 150977
529 840582
487 712482
598 1074009
571 979266
597 1070422
722 1565297
742 1653177
601 1084806
955 2737986
361 391686
104 32657
66 13201
388 452409
28 2409
443 589634
824 2038577
453 616534
907 2469762
283 240834
829 2063382
148 66009
711 1517986
456 624721
271 220866
713 1526534
817 2004102
773 1794134
665 1328006
532 850137
756 1716121
358 385209
255 195586
144 62497
157 74262
641 1233926
222 148297
87 22882
557 931862
640 1230081
275 227426
672 1356097
256 197121
282 239137
631 1195746
218 143009
408 500209
408 500209
92 25577
330 327361
263 208034
352 372417
358 385209
457 627462
703 1484034
75 17026
817 2004102
31 2946
326 319481
857 2205062
779 1822082
949 2703702
76 17481
69 14422
198 118009
2 17
848 2159009
922 2552097
230 159161
386 447761
221 146966
737 1630982
896 2410241
266 212801
7 162
157 74262
892 2388777
428 550409
824 2038577
53 8534
305 279686
408 500209
680 1388561
335 337346
269 217622
404 490457
999 2996002
798 1912009
440 581681
82 20337
824 2038577
191 109826
761 1738886
699 1467202
861 2225686
326 319481
595 1063266
187 105282
84 21337
628 1184409
369 409222
486 709561
178 95409
706 1496721
109 35862
526 831081
455 621986
92 25577
449 605702
546 895441
183 100834
388 452409
206 127721
273 224134
552 915217
370 411441
268 216009
741 1648726
800 1921601
793 1888134
3 34
49 7302
482 697937
148 66009
562 948657
29 2582
976 2859681
197 116822
405 492886
680 1388561
561 945286
705 1492486
344 355697
195 114466
683 1400834
819 2013922
230 159161
974 2847977
225 152326
742 1653177
948 2698009
907 2469762
349 366102
893 2394134
898 2421009
435 568546
984 2906737
488 715409
147 65122
490 721281
58 10209
853 2184534
387 450082
290 252881
625 1173126
320 307841
4 57
29 2582
143 61634
79 18882
550 908601
258 200209
686 1413161
768 1771009
985 2912646
477 683542
44 5897
10 321
589 1041942
733 1613334
140 59081
293 258134
515 796706
57 9862
844 2138697
95 27266
699 1467202
588 1038409
249 186502
126 47881
45 6166
487 712482
49 7302
915 2513506
622 1161897
707 1500962
318 304009
53 8534
569 972422
362 393857
815 1994306
200 120401
831 2073346
146 64241
192 110977
690 1429681
221 146966
580 1010361
908 2475209
420 530041
391 459426
973 2842134
898 2421009
414 515017
350 368201
764 1752617
338 343409
329 325382
446 597641
530 843761
620 1154441
415 517506
779 1822082
16 801
34 3537
62 11657
209 131462
771 1784866
145 63366
277 230742
159 76162
990 2942281
441 584326
227 155042
918 2530009
939 2647042
462 641257
369 409222
864 2241217
154 71457
874 2293377
118 42009
680 1388561
828 2058409
735 1622146
71 15266
589 1041942
635 1210946
565 958806
858 2210209
369 409222
988 2930409
607 1106562
39 4642
741 1648726
399 478402
420 530041
814 1989417
112 37857
130 50961
481 695046
450 608401
435 568546
630 1191961
261 204886
400 480801
532 850137
671 1352066
495 736066
410 505121
302 274217
968 2813009
465 649606
291 254626
656 1292321
502 757017
734 1617737
951 2715106
281 237446
962 2778257
472 669297
573 986134
206 127721
287 247682
908 2475209
171 88066
383 440834
401 483206
485 706646
518 806009
518 806009
647 1257122
256 197121
734 1617737
673 1360134
424 540177
683 1400834
49 7302
567 965602
334 335337
538 869409
918 2530009
139 58242
154 71457
556 928521
400 480801
523 821634
315 298306
382 438537
239 171842
664 1324017
469 660822
533 853334
149 66902
657 1296262
907 2469762
243 177634
147 65122
722 1565297
90 24481
16 801
130 50961
185 103046
977 2865542
892 2388777
654 1284457
711 1517986
730 1600161
618 1147009
232 161937
818 2009009
684 1404937
383 440834
946 2686641
423 537634
554 921857
434 565937
51 7906
731 1604546
507 772162
647 1257122
68 14009
19 1122
245 180566
853 2184534
48 7009
114 39217
107 34562
76 17481
765 1757206
180 97561
535 859746
327 321442
477 683542
318 304009
407 497762
732 1608937
161 78086
261 204886
902 2442617
689 1425542
793 1888134
697 1458822
150 67801
421 532566
979 2877282
86 22361
587 1034882
726 1582681
103 32034
473 672134
191 109826
416 520001
215 139106
442 586977
948 2698009
111 37186
940 2652681
123 45634
843 2133634
539 872642
604 1095657
653 1280534
852 2179417
51 7906
282 239137
357 383062
906 2464321
628 1184409
15 706
821 2023766
272 222497
790 1873881
829 2063382
818 2009009
854 2189657
370 411441
868 2262009
824 2038577
873 2288134
962 2778257
527 834242
380 433961
973 2842134
292 256377
988 2930409
119 42722
111 37186
34 3537
369 409222
296 263441
792 1883377
38 4409
417 522502
362 393857
84 21337
139 58242
845 2143766
98 29009
138 57409
622 1161897
180 97561
958 2755209
710 1513721
282 239137
201 121606
401 483206
587 1034882
397 473622
588 1038409
578 1003409
243 177634
115 39906
250 188001
881 2330246
12 457
223 149634
680 1388561
559 938562
63 12034
163 80034
246 182041
871 2277666
259 201762
719 1552322
29 2582
233 163334
372 415897
466 652401
733 1613334
715 1535106
524 824777
769 1775622
685 1409046
251 189506
782 1836137
568 969009
670 1348041
691 1433826
90 24481
586 1031361
531 846946
714 1530817
446 597641
791 1878626
52 8217
676 1372281
787 1859682
536 862961
349 366102
860 2220521
459 632962
285 244246
35 3746
975 2853826
376 424881
308 285209
699 1467202
990 2942281
252 191017
967 2807202
29 2582
120 43441
663 1320034
873 2288134
53 8534
474 674977
430 555561
998 2990009
99 29602
443 589634
553 918534
989 2936342
468 658009
477 683542
631 1195746
531 846946
425 542726
468 658009
667 1336002
352 372417
446 597641
835 2093346
117 41302
872 2282897
255 195586
239 171842
734 1617737
710 1513721
875 2298626
474 674977
869 2267222
679 1384482
438 576409
123 45634
556 928521
411 507586
50 7601
573 986134
737 1630982
578 1003409
246 182041
789 1869142
436 571161
905 2458886
307 283362
470 663641
816 1999201
558 935209
343 353634
844 2138697
882 2335537
231 160546
323 313634
900 2431801
521 815366
193 112134
3 34
791 1878626
617 1143302
814 1989417
739 1639842
719 1552322
123 45634
625 1173126
574 989577
873 2288134
550 908601
345 357766
920 2541041
220 145641
481 695046
852 2179417
730 1600161
88 23409
106 33921
656 1292321
399 478402
211 133986
565 958806
785 1850246
422 535097
176 93281
366 402601
31 2946
591 1049026
637 1218582
355 378786
537 866182
602 1088417
362 393857
408 500209
259 201762
955 2737986
923 2557634
838 2108409
526 831081
666 1332001
811 1974786
331 329346
433 563334
919 2535522
471 666466
637 1218582
123 45634
362 393857
29 2582
501 754006
235 166146
793 1888134
864 2241217
794 1892897
791 1878626
225 152326
831 2073346
391 459426
563 952034
353 374534
92 25577
33 3334
936 2630161
518 806009
12 457
743 1657634
557 931862
812 1979657
222 148297
897 2415622
806 1950521
249 186502
579 1006882
990 2942281
588 1038409
880 2324961
131 51746
866 2251601
951 2715106
538 869409
242 176177
668 1340009
562 948657
136 55761
120 43441
744 1662097
737 1630982
567 965602
616 1139601
33 3334
124 46377
532 850137
275 227426
173 90134
573 986134
777 1812742
394 466497
915 2513506
906 2464321
727 1587042
79 18882
311 290786
140 59081
132 52537
694 1446297
985 2912646
213 136534
873 2288134
206 127721
911 2491586
94 26697
965 2795606
440 581681
24 1777
110 36521
423 537634
471 666466
800 1921601
397 473622
268 216009
5 86
990 2942281
195 114466
188 106409
772 1789497
274 225777
974 2847977
406 495321
416 520001
811 1974786
485 706646
215 139106
960 2766721
223 149634
459 632962
930 2596561
527 834242
429 552982
441 584326
135 54946
530 843761
864 2241217
361 391686
704 1488257
939 2647042
159 76162
92 25577
250 188001
62 11657
150 67801
305 279686
593 1056134
518 806009
637 1218582
722 1565297
89 23942
115 39906
952 2720817
359 387362
420 530041
10 321
807 1955362
456 624721
395 468866
425 542726
878 2314409
4 57
216 140401
565 958806
179 96482
896 2410